 1625844390.821, 93.602
 1625844390.921, 97.200
 1625844391.021, 100.801
 1625844391.121, 104.401
 1625844391.221, 108.001
 1625844391.321, 111.601
 1625844391.421, 115.201
 1625844391.521, 118.801
 1625844391.621, 122.401
 1625844391.721, 126.001
 1625844391.821, 129.601
 1625844391.921, 133.201
 1625844392.021, 136.801
 1625844392.121, 140.401
 1625844392.221, 144.001
 1625844392.321, 147.600
 1625844392.421, 151.201
 1625844392.521, 154.801
 1625844392.621, 158.401
 1625844392.721, 162.001
 1625844392.821, 165.601
 1625844392.921, 169.201
 1625844393.021, 172.801
 1625844393.121, 176.401
 1625844393.221, 180.001
 1625844393.321, 183.601
 1625844393.421, 187.201
 1625844393.521, 190.800
 1625844393.621, 194.401
 1625844393.721, 198.001
 1625844393.821, 201.601
 1625844393.921, 205.201
 1625844394.021, 208.801
 1625844394.121, 212.400
 1625844394.221, 216.000
 1625844394.321, 219.601
 1625844394.421, 223.201
 1625844394.521, 226.801
 1625844394.621, 230.401
 1625844394.721, 234.001
 1625844394.821, 237.601
 1625844394.921, 241.200
 1625844395.021, 244.801
 1625844395.121, 248.401
 1625844395.221, 252.001
 1625844395.321, 255.601
 1625844395.421, 259.201
 1625844395.521, 262.801
 1625844395.621, 266.401
 1625844395.721, 270.001
 1625844395.821, 273.600
 1625844395.921, 277.201
 1625844396.021, 280.800
 1625844396.121, 284.401
 1625844396.221, 288.001
 1625844396.321, 291.600
 1625844396.421, 295.201
 1625844396.521, 298.801
 1625844396.621, 302.401
 1625844396.721, 323.066
 1625844396.821, 326.666
 1625844396.921, 330.267
 1625844397.021, 333.867
 1625844397.121, 337.466
 1625844397.221, 341.067
 1625844397.321, 344.666
 1625844397.421, 348.267
 1625844397.521, 351.867
 1625844397.621, 355.466
 1625844397.721, 359.066
 1625844397.821, 2.666
 1625844397.921, 6.266
 1625844398.021, 9.866
 1625844398.121, 13.466
 1625844398.221, 17.066
 1625844398.321, 20.666
 1625844398.421, 24.267
 1625844398.521, 27.867
 1625844398.621, 31.467
 1625844398.721, 35.066
 1625844398.821, 27.782
 1625844398.921, 31.382
 1625844399.021, 34.982
 1625844399.121, 38.583
 1625844399.221, 42.182
 1625844399.321, 45.782
 1625844399.421, 49.382
 1625844399.521, 52.982
 1625844399.621, 56.583
 1625844399.721, 60.182
 1625844399.821, 63.783
 1625844399.921, 67.382
 1625844400.021, 70.982
 1625844400.121, 74.582
 1625844400.221, 78.182
 1625844400.321, 81.782
 1625844400.421, 85.382
 1625844400.521, 88.982
 1625844400.621, 92.582
 1625844400.721, 96.182
 1625844400.821, 99.783
 1625844400.921, 103.382
 1625844401.021, 106.982
 1625844401.121, 110.582
 1625844401.221, 114.182
 1625844401.321, 117.782
 1625844401.421, 121.382
 1625844401.521, 124.982
 1625844401.621, 128.583
 1625844401.721, 132.182
 1625844401.821, 135.782
 1625844401.921, 139.382
 1625844402.021, 142.982
 1625844402.121, 146.582
 1625844402.221, 150.182
 1625844402.321, 153.782
 1625844402.421, 157.382
 1625844402.521, 160.982
 1625844402.621, 164.582
 1625844402.721, 168.182
 1625844402.821, 171.782
 1625844402.921, 175.383
 1625844403.021, 178.982
 1625844403.121, 182.582
 1625844403.221, 186.182
 1625844403.321, 189.782
 1625844403.421, 193.382
 1625844403.521, 196.982
 1625844403.621, 200.582
 1625844403.721, 204.182
 1625844403.821, 207.782
 1625844403.921, 211.382
 1625844404.021, 214.983
 1625844404.121, 218.582
 1625844404.221, 222.182
 1625844404.321, 225.782
 1625844404.421, 229.382
 1625844404.521, 232.982
 1625844404.621, 236.582
 1625844404.721, 240.182
 1625844404.821, 243.782
 1625844404.921, 247.382
 1625844405.021, 250.982
 1625844405.121, 254.582
 1625844405.221, 258.182
 1625844405.321, 261.782
 1625844405.421, 265.382
 1625844405.521, 268.982
 1625844405.621, 272.582
 1625844405.721, 276.182
 1625844405.821, 279.782
 1625844405.921, 283.382
 1625844406.021, 286.982
 1625844406.121, 290.582
 1625844406.221, 294.182
 1625844406.321, 297.782
 1625844406.421, 301.382
 1625844406.521, 304.982
 1625844406.621, 308.582
 1625844406.721, 312.182
 1625844406.821, 315.782
 1625844406.921, 319.382
 1625844407.021, 322.982
 1625844407.121, 326.582
 1625844407.221, 330.182
 1625844407.321, 333.782
 1625844407.421, 337.382
 1625844407.521, 346.767
 1625844407.621, 350.367
 1625844407.721, 353.967
 1625844407.821, 357.567
 1625844407.921, 1.167
 1625844408.021, 4.767
 1625844408.121, 8.367
 1625844408.221, 11.967
 1625844408.321, 11.785
 1625844408.421, 15.385
 1625844408.521, 18.985
 1625844408.621, 22.585
 1625844408.721, 26.185
 1625844408.821, 29.785
 1625844408.921, 33.385
 1625844409.021, 36.985
 1625844409.121, 40.585
 1625844409.221, 44.185
 1625844409.321, 47.785
 1625844409.421, 51.385
 1625844409.521, 54.985
 1625844409.621, 58.585
 1625844409.721, 62.185
 1625844409.821, 65.785
 1625844409.921, 69.385
 1625844410.021, 72.985
 1625844410.121, 76.585
 1625844410.221, 80.185
 1625844410.321, 83.785
 1625844410.421, 87.385
 1625844410.521, 90.985
 1625844410.621, 94.585
 1625844410.721, 98.185
 1625844410.821, 101.785
 1625844410.921, 105.385
 1625844411.021, 108.985
 1625844411.121, 112.585
 1625844411.221, 116.185
 1625844411.321, 119.785
 1625844411.421, 123.385
 1625844411.521, 126.985
 1625844411.621, 130.585
 1625844411.721, 134.185
 1625844411.821, 137.785
 1625844411.921, 141.385
 1625844412.021, 144.985
 1625844412.121, 148.585
 1625844412.221, 152.185
 1625844412.321, 155.785
 1625844412.421, 159.385
 1625844412.521, 162.985
 1625844412.621, 166.585
 1625844412.721, 170.185
 1625844412.821, 173.785
 1625844412.921, 177.385
 1625844413.021, 180.985
 1625844413.121, 184.585
 1625844413.221, 188.185
 1625844413.321, 191.785
 1625844413.421, 195.385
 1625844413.521, 198.985
 1625844413.621, 202.585
 1625844413.721, 206.185
 1625844413.821, 209.785
 1625844413.921, 213.385
 1625844414.021, 216.985
 1625844414.121, 220.585
 1625844414.221, 224.185
 1625844414.321, 227.785
 1625844414.421, 231.385
 1625844414.521, 234.985
 1625844414.621, 238.585
 1625844414.721, 242.185
 1625844414.821, 245.785
 1625844414.921, 249.385
 1625844415.021, 252.985
 1625844415.121, 256.585
 1625844415.221, 260.185
 1625844415.321, 263.785
 1625844415.421, 267.385
 1625844415.521, 270.985
 1625844415.621, 274.585
 1625844415.721, 278.185
 1625844415.821, 281.785
 1625844415.921, 285.385
 1625844416.021, 288.985
 1625844416.121, 292.585
 1625844416.221, 296.185
 1625844416.321, 299.785
 1625844416.421, 303.385
 1625844416.521, 306.985
 1625844416.621, 310.585
 1625844416.721, 314.185
 1625844416.821, 317.785
 1625844416.921, 321.385
 1625844417.021, 324.985
 1625844417.121, 328.585
 1625844417.221, 332.185
 1625844417.321, 335.785
 1625844417.421, 339.385
 1625844417.521, 342.985
 1625844417.621, 346.585
 1625844417.721, 350.185
 1625844417.821, 355.698
 1625844417.921, 359.298
 1625844418.021, 2.898
 1625844418.121, 5.136
 1625844418.221, 8.737
 1625844418.321, 12.337
 1625844418.421, 15.936
 1625844418.521, 19.537
 1625844418.621, 23.137
 1625844418.721, 26.737
 1625844418.821, 30.337
 1625844418.921, 33.937
 1625844419.021, 37.536
 1625844419.121, 41.136
 1625844419.221, 44.737
 1625844419.321, 48.336
 1625844419.421, 51.936
 1625844419.521, 55.537
 1625844419.621, 59.136
 1625844419.721, 62.736
 1625844419.821, 66.336
 1625844419.921, 69.937
 1625844420.021, 73.536
 1625844420.121, 77.137
 1625844420.221, 80.737
 1625844420.321, 84.337
 1625844420.421, 87.937
 1625844420.521, 91.537
 1625844420.621, 95.137
 1625844420.721, 98.736
 1625844420.821, 102.336
 1625844420.921, 105.937
 1625844421.021, 109.537
 1625844421.121, 113.136
 1625844421.221, 116.737
 1625844421.321, 120.337
 1625844421.421, 123.936
 1625844421.521, 127.537
 1625844421.621, 131.137
 1625844421.721, 134.737
 1625844421.821, 138.336
 1625844421.921, 141.936
 1625844422.021, 145.536
 1625844422.121, 149.137
 1625844422.221, 152.737
 1625844422.321, 156.336
 1625844422.421, 159.936
 1625844422.521, 163.536
 1625844422.621, 167.136
 1625844422.721, 170.737
 1625844422.821, 174.336
 1625844422.921, 177.936
 1625844423.021, 181.536
 1625844423.121, 185.137
 1625844423.221, 188.736
 1625844423.321, 192.337
 1625844423.421, 195.936
 1625844423.521, 199.536
 1625844423.621, 203.137
 1625844423.721, 206.737
 1625844423.821, 210.337
 1625844423.921, 213.936
 1625844424.021, 217.537
 1625844424.121, 221.136
 1625844424.221, 224.736
 1625844424.321, 228.336
 1625844424.421, 231.936
 1625844424.521, 235.536
 1625844424.621, 239.136
 1625844424.721, 242.736
 1625844424.821, 246.337
 1625844424.921, 249.936
 1625844425.021, 253.536
 1625844425.121, 257.137
 1625844425.221, 260.737
 1625844425.321, 264.336
 1625844425.421, 267.937
 1625844425.521, 271.536
 1625844425.621, 275.136
 1625844425.721, 278.736
 1625844425.821, 282.337
 1625844425.921, 285.936
 1625844426.021, 289.537
 1625844426.121, 293.137
 1625844426.221, 296.736
 1625844426.321, 300.337
 1625844426.421, 303.936
 1625844426.521, 307.536
 1625844426.621, 311.136
 1625844426.721, 314.737
 1625844426.821, 318.336
 1625844426.921, 321.937
 1625844427.021, 325.536
 1625844427.121, 329.136
 1625844427.221, 332.737
 1625844427.321, 336.336
 1625844427.421, 339.936
 1625844427.521, 343.536
 1625844427.621, 347.136
 1625844427.721, 350.737
 1625844427.821, 354.336
 1625844427.921, 357.936
 1625844428.021, 1.628
 1625844428.121, 5.228
 1625844428.221, 8.828
 1625844428.321, 12.429
 1625844428.421, 16.028
 1625844428.521, 19.628
 1625844428.621, 23.228
 1625844428.721, 26.828
 1625844428.821, 30.428
 1625844428.921, 34.028
 1625844429.021, 37.628
 1625844429.121, 41.228
 1625844429.221, 44.828
 1625844429.321, 48.428
 1625844429.421, 52.028
 1625844429.521, 55.628
 1625844429.621, 59.228
 1625844429.721, 62.828
 1625844429.821, 66.428
 1625844429.921, 70.028
 1625844430.021, 73.628
 1625844430.121, 77.229
 1625844430.221, 80.828
 1625844430.321, 84.428
 1625844430.421, 88.028
 1625844430.521, 91.628
 1625844430.621, 95.228
 1625844430.721, 98.828
 1625844430.821, 102.429
 1625844430.921, 106.029
 1625844431.021, 109.628
 1625844431.121, 113.228
 1625844431.221, 116.828
 1625844431.321, 120.428
 1625844431.421, 124.028
 1625844431.521, 127.628
 1625844431.621, 131.228
 1625844431.721, 134.828
 1625844431.821, 138.428
 1625844431.921, 142.028
 1625844432.021, 145.628
 1625844432.121, 149.228
 1625844432.221, 152.828
 1625844432.321, 156.428
 1625844432.421, 160.028
 1625844432.521, 163.628
 1625844432.621, 167.228
 1625844432.721, 170.828
 1625844432.821, 174.428
 1625844432.921, 178.028
 1625844433.021, 181.628
 1625844433.121, 185.228
 1625844433.221, 188.828
 1625844433.321, 192.428
 1625844433.421, 196.028
 1625844433.521, 199.628
 1625844433.621, 203.228
 1625844433.721, 206.828
 1625844433.821, 210.428
 1625844433.921, 214.028
 1625844434.021, 217.628
 1625844434.121, 221.228
 1625844434.221, 224.828
 1625844434.321, 228.428
 1625844434.421, 232.028
 1625844434.521, 235.628
 1625844434.621, 239.228
 1625844434.721, 242.828
 1625844434.821, 246.428
 1625844434.921, 250.028
 1625844435.021, 253.628
 1625844435.121, 257.228
 1625844435.221, 260.828
 1625844435.321, 264.428
 1625844435.421, 268.028
 1625844435.521, 271.628
 1625844435.621, 275.228
 1625844435.721, 278.828
 1625844435.821, 282.428
 1625844435.921, 286.028
 1625844436.021, 289.628
 1625844436.121, 293.228
 1625844436.221, 296.828
 1625844436.321, 300.428
 1625844436.421, 304.028
 1625844436.521, 307.628
 1625844436.621, 311.228
 1625844436.721, 314.828
 1625844436.821, 318.428
 1625844436.921, 322.028
 1625844437.021, 325.628
 1625844437.121, 329.228
 1625844437.221, 332.828
 1625844437.321, 336.428
 1625844437.421, 340.028
 1625844437.521, 343.628
 1625844437.621, 347.228
 1625844437.721, 350.828
 1625844437.821, 354.428
 1625844437.921, 358.028
 1625844438.021, 1.513
 1625844438.121, 5.113
 1625844438.221, 8.714
 1625844438.321, 12.313
 1625844438.421, 15.913
 1625844438.521, 19.513
 1625844438.621, 23.113
 1625844438.721, 26.713
 1625844438.821, 30.314
 1625844438.921, 33.913
 1625844439.021, 37.514
 1625844439.121, 41.113
 1625844439.221, 44.714
 1625844439.321, 48.314
 1625844439.421, 51.913
 1625844439.521, 55.513
 1625844439.621, 59.113
 1625844439.721, 62.714
 1625844439.821, 66.314
 1625844439.921, 69.913
 1625844440.021, 73.513
 1625844440.121, 77.113
 1625844440.221, 80.713
 1625844440.321, 84.313
 1625844440.421, 87.913
 1625844440.521, 91.513
 1625844440.621, 95.113
 1625844440.721, 98.713
 1625844440.821, 102.313
 1625844440.921, 105.913
 1625844441.021, 109.513
 1625844441.121, 113.113
 1625844441.221, 116.713
 1625844441.321, 120.313
 1625844441.421, 123.913
 1625844441.521, 127.513
 1625844441.621, 131.113
 1625844441.721, 134.713
 1625844441.821, 138.313
 1625844441.921, 141.913
 1625844442.021, 145.513
 1625844442.121, 149.113
 1625844442.221, 152.713
 1625844442.321, 156.313
 1625844442.421, 159.913
 1625844442.521, 163.513
 1625844442.621, 167.113
 1625844442.721, 170.713
 1625844442.821, 174.313
 1625844442.921, 177.913
 1625844443.021, 181.513
 1625844443.121, 185.113
 1625844443.221, 188.713
 1625844443.321, 192.313
 1625844443.421, 195.913
 1625844443.521, 199.513
 1625844443.621, 203.113
 1625844443.721, 206.713
 1625844443.821, 210.313
 1625844443.921, 213.913
 1625844444.021, 217.513
 1625844444.121, 221.113
 1625844444.221, 224.713
 1625844444.321, 228.313
 1625844444.421, 231.913
 1625844444.521, 235.513
 1625844444.621, 239.113
 1625844444.721, 242.713
 1625844444.821, 246.313
 1625844444.921, 249.913
 1625844445.021, 253.513
 1625844445.121, 257.113
 1625844445.221, 260.713
 1625844445.321, 264.313
 1625844445.421, 267.913
 1625844445.521, 271.513
 1625844445.621, 275.113
 1625844445.721, 278.713
 1625844445.821, 282.313
 1625844445.921, 285.913
 1625844446.021, 289.513
 1625844446.121, 293.113
 1625844446.221, 296.713
 1625844446.321, 300.313
 1625844446.421, 303.913
 1625844446.521, 307.513
 1625844446.621, 311.113
 1625844446.721, 314.713
 1625844446.821, 318.313
 1625844446.921, 321.913
 1625844447.021, 325.513
 1625844447.121, 329.113
 1625844447.221, 332.713
 1625844447.321, 336.313
 1625844447.421, 339.913
 1625844447.521, 343.513
 1625844447.621, 347.113
 1625844447.721, 350.713
 1625844447.821, 354.313
 1625844447.921, 357.913
 1625844448.021, 1.319
 1625844448.121, 4.919
 1625844448.221, 8.519
 1625844448.321, 12.119
 1625844448.421, 15.719
 1625844448.521, 19.319
 1625844448.621, 22.919
 1625844448.721, 26.519
 1625844448.821, 30.119
 1625844448.921, 33.719
 1625844449.021, 37.319
 1625844449.121, 40.919
 1625844449.221, 44.519
 1625844449.321, 48.119
 1625844449.421, 51.719
 1625844449.521, 55.319
 1625844449.621, 58.919
 1625844449.721, 62.519
 1625844449.821, 66.119
 1625844449.921, 69.719
 1625844450.021, 73.319
 1625844450.121, 76.919
 1625844450.221, 80.519
 1625844450.321, 84.119
 1625844450.421, 87.718
 1625844450.521, 91.319
 1625844450.621, 94.919
 1625844450.721, 98.519
 1625844450.821, 102.119
 1625844450.921, 105.719
 1625844451.021, 109.319
 1625844451.121, 112.919
 1625844451.221, 116.518
 1625844451.321, 120.119
 1625844451.421, 123.719
 1625844451.521, 127.319
 1625844451.621, 130.919
 1625844451.721, 134.519
 1625844451.821, 138.119
 1625844451.921, 141.719
 1625844452.021, 145.318
 1625844452.121, 148.919
 1625844452.221, 152.518
 1625844452.321, 156.119
 1625844452.421, 159.719
 1625844452.521, 163.319
 1625844452.621, 166.919
 1625844452.721, 170.519
 1625844452.821, 174.119
 1625844452.921, 177.719
 1625844453.021, 181.318
 1625844453.121, 184.919
 1625844453.221, 188.519
 1625844453.321, 192.119
 1625844453.421, 195.719
 1625844453.521, 199.319
 1625844453.621, 202.919
 1625844453.721, 206.519
 1625844453.821, 210.119
 1625844453.921, 213.719
 1625844454.021, 217.319
 1625844454.121, 220.919
 1625844454.221, 224.518
 1625844454.321, 228.119
 1625844454.421, 231.719
 1625844454.521, 235.318
 1625844454.621, 238.919
 1625844454.721, 242.518
 1625844454.821, 246.119
 1625844454.921, 249.719
 1625844455.021, 253.319
 1625844455.121, 256.918
 1625844455.221, 260.519
 1625844455.321, 264.119
 1625844455.421, 267.719
 1625844455.521, 271.319
 1625844455.621, 274.919
 1625844455.721, 278.519
 1625844455.821, 282.119
 1625844455.921, 285.719
 1625844456.021, 289.318
 1625844456.121, 292.918
 1625844456.221, 296.518
 1625844456.321, 300.118
 1625844456.421, 303.718
 1625844456.521, 307.319
 1625844456.621, 310.919
 1625844456.721, 314.519
 1625844456.821, 318.118
 1625844456.921, 321.719
 1625844457.021, 325.318
 1625844457.121, 328.919
 1625844457.221, 332.518
 1625844457.321, 336.119
 1625844457.421, 339.718
 1625844457.521, 343.319
 1625844457.621, 346.919
 1625844457.721, 350.519
 1625844457.821, 354.118
 1625844457.921, 357.719
 1625844458.021, 1.115
 1625844458.121, 4.715
 1625844458.221, 8.315
 1625844458.321, 11.915
 1625844458.421, 15.515
 1625844458.521, 19.115
 1625844458.621, 22.715
 1625844458.721, 26.315
 1625844458.821, 29.915
 1625844458.921, 33.515
 1625844459.021, 37.115
 1625844459.121, 40.715
 1625844459.221, 44.315
 1625844459.321, 47.915
 1625844459.421, 51.515
 1625844459.521, 55.115
 1625844459.621, 58.715
 1625844459.721, 62.315
 1625844459.821, 65.915
 1625844459.921, 69.515
 1625844460.021, 73.115
 1625844460.121, 76.715
 1625844460.221, 80.315
 1625844460.321, 83.915
 1625844460.421, 87.515
 1625844460.521, 91.115
 1625844460.621, 94.715
 1625844460.721, 98.315
 1625844460.821, 101.915
 1625844460.921, 105.515
 1625844461.021, 109.115
 1625844461.121, 112.715
 1625844461.221, 116.315
 1625844461.321, 119.915
 1625844461.421, 123.515
 1625844461.521, 127.115
 1625844461.621, 130.715
 1625844461.721, 134.315
 1625844461.821, 137.915
 1625844461.921, 141.515
 1625844462.021, 145.115
 1625844462.121, 148.715
 1625844462.221, 152.315
 1625844462.321, 155.915
 1625844462.421, 159.515
 1625844462.521, 163.115
 1625844462.621, 166.715
 1625844462.721, 170.315
 1625844462.821, 173.915
 1625844462.921, 177.515
 1625844463.021, 181.115
 1625844463.121, 184.715
 1625844463.221, 188.315
 1625844463.321, 191.915
 1625844463.421, 195.515
 1625844463.521, 199.115
 1625844463.621, 202.715
 1625844463.721, 206.315
 1625844463.821, 209.915
 1625844463.921, 213.515
 1625844464.021, 217.115
 1625844464.121, 220.715
 1625844464.221, 224.315
 1625844464.321, 227.915
 1625844464.421, 231.515
 1625844464.521, 235.115
 1625844464.621, 238.715
 1625844464.721, 242.315
 1625844464.821, 245.915
 1625844464.921, 249.515
 1625844465.021, 253.115
 1625844465.121, 256.715
 1625844465.221, 260.315
 1625844465.321, 263.915
 1625844465.421, 267.515
 1625844465.521, 271.115
 1625844465.621, 274.715
 1625844465.721, 278.315
 1625844465.821, 281.915
 1625844465.921, 285.515
 1625844466.021, 289.115
 1625844466.121, 292.715
 1625844466.221, 296.315
 1625844466.321, 299.915
 1625844466.421, 303.515
 1625844466.521, 307.115
 1625844466.621, 310.715
 1625844466.721, 314.315
 1625844466.821, 317.915
 1625844466.921, 321.515
 1625844467.021, 325.115
 1625844467.121, 328.715
 1625844467.221, 332.315
 1625844467.321, 335.915
 1625844467.421, 339.515
 1625844467.521, 343.115
 1625844467.621, 346.715
 1625844467.721, 350.315
 1625844467.821, 353.915
 1625844467.921, 357.515
 1625844468.021, 0.889
 1625844468.121, 3.995
 1625844468.221, 7.595
 1625844468.321, 11.196
 1625844468.421, 14.795
 1625844468.521, 18.395
 1625844468.621, 21.995
 1625844468.721, 25.595
 1625844468.821, 29.195
 1625844468.921, 32.795
 1625844469.021, 36.395
 1625844469.121, 39.995
 1625844469.221, 43.596
 1625844469.321, 47.195
 1625844469.421, 50.796
 1625844469.521, 54.395
 1625844469.621, 57.995
 1625844469.721, 61.595
 1625844469.821, 65.195
 1625844469.921, 68.795
 1625844470.021, 72.395
 1625844470.121, 75.995
 1625844470.221, 79.596
 1625844470.321, 83.195
 1625844470.421, 86.795
 1625844470.521, 90.395
 1625844470.621, 93.995
 1625844470.721, 97.595
 1625844470.821, 101.195
 1625844470.921, 104.795
 1625844471.021, 108.395
 1625844471.121, 111.995
 1625844471.221, 115.595
 1625844471.321, 119.195
 1625844471.421, 122.795
 1625844471.521, 126.395
 1625844471.621, 129.995
 1625844471.721, 133.595
 1625844471.821, 137.195
 1625844471.921, 140.795
 1625844472.021, 144.395
 1625844472.121, 147.995
 1625844472.221, 151.595
 1625844472.321, 155.195
 1625844472.421, 158.795
 1625844472.521, 162.395
 1625844472.621, 165.995
 1625844472.721, 169.595
 1625844472.821, 173.195
 1625844472.921, 176.795
 1625844473.021, 180.395
 1625844473.121, 183.995
 1625844473.221, 187.595
 1625844473.321, 191.195
 1625844473.421, 194.795
 1625844473.521, 198.395
 1625844473.621, 201.995
 1625844473.721, 205.595
 1625844473.821, 209.195
 1625844473.921, 212.795
 1625844474.021, 216.395
 1625844474.121, 219.995
 1625844474.221, 223.595
 1625844474.321, 227.195
 1625844474.421, 230.795
 1625844474.521, 234.395
 1625844474.621, 237.995
 1625844474.721, 241.595
 1625844474.821, 245.195
 1625844474.921, 248.795
 1625844475.021, 252.395
 1625844475.121, 255.995
 1625844475.221, 259.595
 1625844475.321, 263.195
 1625844475.421, 266.795
 1625844475.521, 270.395
 1625844475.621, 273.995
 1625844475.721, 277.595
 1625844475.821, 281.195
 1625844475.921, 284.795
 1625844476.021, 288.395
 1625844476.121, 291.995
 1625844476.221, 295.595
 1625844476.321, 299.195
 1625844476.421, 302.795
 1625844476.521, 306.395
 1625844476.621, 309.995
 1625844476.721, 313.595
 1625844476.821, 317.195
 1625844476.921, 320.795
 1625844477.021, 324.395
 1625844477.121, 327.995
 1625844477.221, 331.595
 1625844477.321, 335.195
 1625844477.421, 338.795
 1625844477.521, 342.395
 1625844477.621, 345.995
 1625844477.721, 349.595
 1625844477.821, 353.195
 1625844477.921, 356.795
 1625844478.021, 0.446
 1625844478.121, 4.046
 1625844478.221, 7.646
 1625844478.321, 11.246
 1625844478.421, 14.846
 1625844478.521, 18.446
 1625844478.621, 22.046
 1625844478.721, 25.646
 1625844478.821, 29.246
 1625844478.921, 32.846
 1625844479.021, 36.446
 1625844479.121, 40.046
 1625844479.221, 43.646
 1625844479.321, 47.246
 1625844479.421, 50.846
 1625844479.521, 54.446
 1625844479.621, 58.046
 1625844479.721, 61.646
 1625844479.821, 65.246
 1625844479.921, 68.846
 1625844480.021, 72.446
 1625844480.121, 76.046
 1625844480.221, 79.646
 1625844480.321, 83.246
 1625844480.421, 86.846
 1625844480.521, 90.446
 1625844480.621, 94.046
 1625844480.721, 97.646
 1625844480.821, 101.246
 1625844480.921, 104.846
 1625844481.021, 108.446
 1625844481.121, 112.046
 1625844481.221, 115.646
 1625844481.321, 119.246
 1625844481.421, 122.846
 1625844481.521, 126.446
 1625844481.621, 130.046
 1625844481.721, 133.646
 1625844481.821, 137.246
 1625844481.921, 140.846
 1625844482.021, 144.445
 1625844482.121, 148.046
 1625844482.221, 151.646
 1625844482.321, 155.246
 1625844482.421, 158.846
 1625844482.521, 162.446
 1625844482.621, 166.046
 1625844482.721, 169.646
 1625844482.821, 173.245
 1625844482.921, 176.846
 1625844483.021, 180.445
 1625844483.121, 184.046
 1625844483.221, 187.646
 1625844483.321, 191.246
 1625844483.421, 194.846
 1625844483.521, 198.446
 1625844483.621, 202.046
 1625844483.721, 205.646
 1625844483.821, 209.246
 1625844483.921, 212.846
 1625844484.021, 216.446
 1625844484.121, 220.046
 1625844484.221, 223.646
 1625844484.321, 227.245
 1625844484.421, 230.845
 1625844484.521, 234.446
 1625844484.621, 238.046
 1625844484.721, 241.646
 1625844484.821, 245.246
 1625844484.921, 248.846
 1625844485.021, 252.446
 1625844485.121, 256.046
 1625844485.221, 259.645
 1625844485.321, 263.246
 1625844485.421, 266.845
 1625844485.521, 270.446
 1625844485.621, 274.046
 1625844485.721, 277.646
 1625844485.821, 281.245
 1625844485.921, 284.846
 1625844486.021, 288.446
 1625844486.121, 292.046
 1625844486.221, 295.646
 1625844486.321, 299.245
 1625844486.421, 302.846
 1625844486.521, 306.445
 1625844486.621, 310.046
 1625844486.721, 313.646
 1625844486.821, 317.246
 1625844486.921, 320.846
 1625844487.021, 324.446
 1625844487.121, 328.046
 1625844487.221, 331.645
 1625844487.321, 335.246
 1625844487.421, 338.845
 1625844487.521, 342.446
 1625844487.621, 346.046
 1625844487.721, 349.645
 1625844487.821, 353.245
 1625844487.921, 356.845
 1625844488.021, 0.403
 1625844488.121, 4.003
 1625844488.221, 7.603
