 1625844392.304, 73.601
 1625844392.404, 77.201
 1625844392.504, 80.801
 1625844392.604, 84.401
 1625844392.704, 88.001
 1625844392.804, 91.601
 1625844392.904, 95.201
 1625844393.004, 98.801
 1625844393.104, 102.401
 1625844393.204, 106.001
 1625844393.304, 109.601
 1625844393.404, 113.201
 1625844393.504, 116.801
 1625844393.604, 120.400
 1625844393.704, 124.001
 1625844393.804, 127.600
 1625844393.904, 131.201
 1625844394.004, 134.801
 1625844394.104, 138.400
 1625844394.204, 142.001
 1625844394.304, 145.601
 1625844394.404, 149.201
 1625844394.504, 152.800
 1625844394.604, 156.401
 1625844394.704, 160.001
 1625844394.804, 163.601
 1625844394.904, 167.201
 1625844395.004, 170.801
 1625844395.104, 174.401
 1625844395.204, 178.000
 1625844395.304, 181.601
 1625844395.404, 185.201
 1625844395.504, 188.801
 1625844395.604, 192.401
 1625844395.704, 196.001
 1625844395.804, 199.601
 1625844395.904, 203.201
 1625844396.004, 206.801
 1625844396.104, 210.401
 1625844396.204, 214.001
 1625844396.303, 217.600
 1625844396.404, 221.201
 1625844396.504, 224.800
 1625844396.603, 228.400
 1625844396.704, 271.072
 1625844396.804, 274.672
 1625844396.904, 278.273
 1625844397.004, 281.872
 1625844397.104, 285.473
 1625844397.204, 289.072
 1625844397.304, 292.673
 1625844397.403, 296.272
 1625844397.504, 299.873
 1625844397.604, 303.473
 1625844397.704, 307.072
 1625844397.804, 325.992
 1625844397.904, 329.592
 1625844398.004, 333.192
 1625844398.104, 336.792
 1625844398.204, 340.392
 1625844398.304, 343.992
 1625844398.404, 347.592
 1625844398.504, 351.192
 1625844398.604, 354.792
 1625844398.703, 358.392
 1625844398.804, 1.992
 1625844398.903, 5.592
 1625844399.004, 9.192
 1625844399.103, 12.792
 1625844399.204, 16.392
 1625844399.303, 19.992
 1625844399.404, 23.592
 1625844399.503, 27.192
 1625844399.604, 30.792
 1625844399.704, 34.392
 1625844399.804, 37.992
 1625844399.903, 41.592
 1625844400.004, 45.192
 1625844400.103, 48.792
 1625844400.203, 52.392
 1625844400.304, 55.992
 1625844400.403, 59.592
 1625844400.503, 63.192
 1625844400.604, 66.792
 1625844400.703, 70.392
 1625844400.804, 73.992
 1625844400.903, 77.592
 1625844401.004, 81.192
 1625844401.104, 84.792
 1625844401.203, 88.392
 1625844401.304, 91.992
 1625844401.403, 95.592
 1625844401.504, 99.192
 1625844401.603, 102.792
 1625844401.704, 106.392
 1625844401.804, 109.992
 1625844401.904, 113.592
 1625844402.004, 117.192
 1625844402.103, 120.792
 1625844402.204, 124.392
 1625844402.304, 127.992
 1625844402.403, 131.592
 1625844402.504, 135.192
 1625844402.603, 138.792
 1625844402.703, 142.392
 1625844402.804, 145.992
 1625844402.903, 149.592
 1625844403.004, 153.192
 1625844403.104, 156.792
 1625844403.204, 160.392
 1625844403.304, 163.992
 1625844403.404, 167.592
 1625844403.503, 171.192
 1625844403.604, 174.792
 1625844403.703, 178.392
 1625844403.803, 181.992
 1625844403.903, 185.592
 1625844404.004, 189.192
 1625844404.104, 192.792
 1625844404.203, 196.392
 1625844404.304, 199.992
 1625844404.404, 203.592
 1625844404.503, 207.192
 1625844404.603, 210.792
 1625844404.703, 214.391
 1625844404.803, 217.991
 1625844404.904, 221.592
 1625844405.003, 225.192
 1625844405.104, 228.792
 1625844405.203, 232.392
 1625844405.303, 235.992
 1625844405.404, 239.592
 1625844405.504, 243.192
 1625844405.603, 246.791
 1625844405.703, 250.391
 1625844405.803, 253.992
 1625844405.904, 257.592
 1625844406.003, 261.192
 1625844406.103, 264.792
 1625844406.204, 268.392
 1625844406.303, 271.992
 1625844406.403, 275.591
 1625844406.503, 279.191
 1625844406.603, 282.791
 1625844406.704, 286.392
 1625844406.803, 289.992
 1625844406.903, 293.592
 1625844407.003, 297.192
 1625844407.103, 300.791
 1625844407.203, 304.392
 1625844407.303, 307.991
 1625844407.403, 311.591
 1625844407.503, 315.191
 1625844407.603, 332.114
 1625844407.703, 335.714
 1625844407.803, 339.314
 1625844407.903, 348.107
 1625844408.003, 351.707
 1625844408.103, 355.306
 1625844408.204, 358.907
 1625844408.303, 2.506
 1625844408.403, 6.107
 1625844408.503, 9.707
 1625844408.604, 13.307
 1625844408.703, 16.907
 1625844408.803, 20.506
 1625844408.903, 24.106
 1625844409.003, 27.706
 1625844409.104, 31.307
 1625844409.203, 34.907
 1625844409.303, 38.506
 1625844409.403, 42.107
 1625844409.504, 45.707
 1625844409.603, 49.306
 1625844409.703, 52.907
 1625844409.804, 56.507
 1625844409.903, 60.106
 1625844410.003, 63.706
 1625844410.103, 67.307
 1625844410.203, 70.907
 1625844410.304, 74.507
 1625844410.403, 78.106
 1625844410.503, 81.706
 1625844410.603, 85.307
 1625844410.703, 88.906
 1625844410.803, 92.506
 1625844410.903, 96.106
 1625844411.003, 99.706
 1625844411.103, 103.306
 1625844411.203, 106.906
 1625844411.303, 110.506
 1625844411.403, 114.106
 1625844411.503, 117.707
 1625844411.604, 121.307
 1625844411.704, 124.907
 1625844411.803, 128.506
 1625844411.904, 132.107
 1625844412.003, 135.707
 1625844412.103, 139.306
 1625844412.203, 142.906
 1625844412.303, 146.507
 1625844412.403, 150.106
 1625844412.503, 153.706
 1625844412.603, 157.306
 1625844412.703, 160.907
 1625844412.803, 164.506
 1625844412.903, 168.107
 1625844413.003, 171.707
 1625844413.103, 175.306
 1625844413.203, 178.907
 1625844413.303, 182.506
 1625844413.403, 186.106
 1625844413.503, 189.707
 1625844413.603, 193.306
 1625844413.703, 196.907
 1625844413.803, 200.506
 1625844413.903, 204.106
 1625844414.003, 207.707
 1625844414.103, 211.306
 1625844414.203, 214.906
 1625844414.303, 218.506
 1625844414.403, 222.107
 1625844414.503, 225.706
 1625844414.603, 229.306
 1625844414.703, 232.906
 1625844414.803, 236.506
 1625844414.903, 240.106
 1625844415.003, 243.707
 1625844415.103, 247.306
 1625844415.203, 250.907
 1625844415.303, 254.506
 1625844415.403, 258.106
 1625844415.503, 261.706
 1625844415.603, 265.306
 1625844415.703, 268.906
 1625844415.803, 272.506
 1625844415.903, 276.106
 1625844416.003, 279.706
 1625844416.103, 283.306
 1625844416.203, 286.906
 1625844416.303, 290.506
 1625844416.403, 294.106
 1625844416.503, 297.706
 1625844416.603, 301.307
 1625844416.703, 304.906
 1625844416.803, 308.507
 1625844416.903, 312.106
 1625844417.003, 315.706
 1625844417.103, 319.306
 1625844417.203, 322.907
 1625844417.303, 326.506
 1625844417.403, 330.107
 1625844417.503, 333.706
 1625844417.603, 337.306
 1625844417.703, 340.907
 1625844417.803, 344.506
 1625844417.903, 352.598
 1625844418.003, 357.911
 1625844418.103, 1.511
 1625844418.203, 5.111
 1625844418.303, 8.710
 1625844418.403, 12.311
 1625844418.503, 15.911
 1625844418.603, 19.511
 1625844418.703, 23.111
 1625844418.803, 26.711
 1625844418.903, 30.311
 1625844419.003, 33.911
 1625844419.103, 37.511
 1625844419.203, 41.111
 1625844419.303, 44.711
 1625844419.403, 48.310
 1625844419.503, 51.911
 1625844419.603, 55.510
 1625844419.703, 59.110
 1625844419.803, 62.711
 1625844419.903, 66.311
 1625844420.003, 69.911
 1625844420.103, 73.511
 1625844420.203, 77.110
 1625844420.303, 80.711
 1625844420.403, 84.311
 1625844420.503, 87.911
 1625844420.603, 91.511
 1625844420.703, 95.111
 1625844420.803, 98.711
 1625844420.903, 102.311
 1625844421.003, 105.911
 1625844421.103, 109.510
 1625844421.203, 113.111
 1625844421.303, 116.711
 1625844421.403, 120.311
 1625844421.503, 123.911
 1625844421.603, 127.511
 1625844421.703, 131.111
 1625844421.803, 134.711
 1625844421.903, 138.310
 1625844422.003, 141.910
 1625844422.103, 145.511
 1625844422.203, 149.111
 1625844422.303, 152.711
 1625844422.403, 156.310
 1625844422.503, 159.911
 1625844422.603, 163.511
 1625844422.703, 167.111
 1625844422.803, 170.711
 1625844422.903, 174.310
 1625844423.003, 177.910
 1625844423.103, 181.510
 1625844423.203, 185.110
 1625844423.303, 188.711
 1625844423.403, 192.311
 1625844423.503, 195.910
 1625844423.603, 199.511
 1625844423.703, 203.111
 1625844423.803, 206.710
 1625844423.903, 210.310
 1625844424.003, 213.910
 1625844424.103, 217.511
 1625844424.203, 221.111
 1625844424.303, 224.710
 1625844424.403, 228.310
 1625844424.503, 231.911
 1625844424.603, 235.510
 1625844424.703, 239.110
 1625844424.803, 242.710
 1625844424.903, 246.310
 1625844425.003, 249.911
 1625844425.103, 253.510
 1625844425.203, 257.110
 1625844425.303, 260.710
 1625844425.403, 264.310
 1625844425.503, 267.910
 1625844425.603, 271.511
 1625844425.703, 275.110
 1625844425.803, 278.711
 1625844425.903, 282.311
 1625844426.003, 285.910
 1625844426.103, 289.510
 1625844426.203, 293.111
 1625844426.303, 296.711
 1625844426.403, 300.310
 1625844426.503, 303.910
 1625844426.603, 307.510
 1625844426.703, 311.110
 1625844426.803, 314.710
 1625844426.903, 318.310
 1625844427.003, 321.911
 1625844427.103, 325.510
 1625844427.203, 329.110
 1625844427.303, 332.710
 1625844427.403, 336.310
 1625844427.503, 339.911
 1625844427.603, 343.510
 1625844427.703, 347.110
 1625844427.803, 350.711
 1625844427.903, 354.310
 1625844428.003, 359.918
 1625844428.103, 3.518
 1625844428.203, 7.117
 1625844428.303, 10.718
 1625844428.403, 14.317
 1625844428.503, 17.917
 1625844428.603, 21.517
 1625844428.703, 25.117
 1625844428.803, 28.718
 1625844428.903, 32.318
 1625844429.003, 35.917
 1625844429.103, 39.518
 1625844429.203, 43.117
 1625844429.303, 46.717
 1625844429.403, 50.317
 1625844429.503, 53.917
 1625844429.603, 57.518
 1625844429.703, 61.117
 1625844429.803, 64.717
 1625844429.903, 68.317
 1625844430.003, 71.918
 1625844430.103, 75.517
 1625844430.203, 79.118
 1625844430.303, 82.717
 1625844430.403, 86.318
 1625844430.503, 89.918
 1625844430.603, 93.518
 1625844430.703, 97.118
 1625844430.803, 100.718
 1625844430.903, 104.317
 1625844431.003, 107.918
 1625844431.103, 111.517
 1625844431.203, 115.118
 1625844431.303, 118.717
 1625844431.403, 122.318
 1625844431.503, 125.918
 1625844431.603, 129.518
 1625844431.703, 133.118
 1625844431.803, 136.717
 1625844431.903, 140.317
 1625844432.003, 143.917
 1625844432.103, 147.517
 1625844432.203, 151.117
 1625844432.303, 154.718
 1625844432.403, 158.317
 1625844432.503, 161.917
 1625844432.603, 165.517
 1625844432.703, 169.118
 1625844432.803, 172.718
 1625844432.903, 176.317
 1625844433.003, 179.918
 1625844433.103, 183.517
 1625844433.203, 187.117
 1625844433.303, 190.717
 1625844433.403, 194.318
 1625844433.503, 197.918
 1625844433.603, 201.517
 1625844433.703, 205.117
 1625844433.803, 208.718
 1625844433.903, 212.317
 1625844434.003, 215.917
 1625844434.103, 219.517
 1625844434.203, 223.117
 1625844434.303, 226.717
 1625844434.403, 230.318
 1625844434.503, 233.917
 1625844434.603, 237.518
 1625844434.703, 241.117
 1625844434.803, 244.718
 1625844434.903, 248.317
 1625844435.003, 251.917
 1625844435.103, 255.517
 1625844435.203, 259.117
 1625844435.303, 262.718
 1625844435.403, 266.317
 1625844435.503, 269.917
 1625844435.603, 273.517
 1625844435.703, 277.117
 1625844435.803, 280.717
 1625844435.903, 284.317
 1625844436.003, 287.917
 1625844436.103, 291.517
 1625844436.203, 295.117
 1625844436.303, 298.717
 1625844436.403, 302.317
 1625844436.503, 305.918
 1625844436.603, 309.518
 1625844436.703, 313.117
 1625844436.803, 316.717
 1625844436.903, 320.317
 1625844437.003, 323.917
 1625844437.103, 327.517
 1625844437.203, 331.118
 1625844437.303, 334.717
 1625844437.403, 338.317
 1625844437.503, 341.917
 1625844437.603, 345.517
 1625844437.703, 349.117
 1625844437.803, 352.717
 1625844437.903, 356.317
 1625844438.003, 0.566
 1625844438.103, 4.166
 1625844438.203, 7.766
 1625844438.303, 11.366
 1625844438.403, 14.966
 1625844438.503, 18.566
 1625844438.603, 22.166
 1625844438.703, 25.766
 1625844438.803, 29.366
 1625844438.903, 32.966
 1625844439.003, 36.566
 1625844439.103, 40.166
 1625844439.203, 43.766
 1625844439.303, 47.366
 1625844439.403, 50.966
 1625844439.503, 54.566
 1625844439.603, 58.166
 1625844439.703, 61.766
 1625844439.803, 65.366
 1625844439.903, 68.966
 1625844440.003, 72.566
 1625844440.103, 76.166
 1625844440.203, 79.766
 1625844440.303, 83.366
 1625844440.403, 86.966
 1625844440.503, 90.566
 1625844440.603, 94.166
 1625844440.703, 97.766
 1625844440.803, 101.366
 1625844440.903, 104.966
 1625844441.003, 108.566
 1625844441.103, 112.166
 1625844441.203, 115.765
 1625844441.303, 119.366
 1625844441.403, 122.966
 1625844441.503, 126.566
 1625844441.603, 130.166
 1625844441.703, 133.766
 1625844441.803, 137.366
 1625844441.903, 140.966
 1625844442.003, 144.565
 1625844442.103, 148.166
 1625844442.203, 151.766
 1625844442.303, 155.366
 1625844442.403, 158.966
 1625844442.503, 162.566
 1625844442.603, 166.166
 1625844442.703, 169.766
 1625844442.803, 173.365
 1625844442.903, 176.966
 1625844443.003, 180.566
 1625844443.103, 184.166
 1625844443.203, 187.766
 1625844443.303, 191.366
 1625844443.403, 194.966
 1625844443.503, 198.566
 1625844443.603, 202.166
 1625844443.703, 205.766
 1625844443.803, 209.366
 1625844443.903, 212.966
 1625844444.003, 216.566
 1625844444.103, 220.165
 1625844444.203, 223.766
 1625844444.303, 227.365
 1625844444.403, 230.966
 1625844444.503, 234.566
 1625844444.603, 238.166
 1625844444.703, 241.766
 1625844444.803, 245.366
 1625844444.903, 248.966
 1625844445.003, 252.566
 1625844445.103, 256.166
 1625844445.203, 259.766
 1625844445.303, 263.365
 1625844445.403, 266.965
 1625844445.503, 270.566
 1625844445.603, 274.166
 1625844445.703, 277.766
 1625844445.803, 281.366
 1625844445.903, 284.966
 1625844446.003, 288.566
 1625844446.103, 292.165
 1625844446.203, 295.765
 1625844446.303, 299.366
 1625844446.403, 302.966
 1625844446.503, 306.565
 1625844446.603, 310.165
 1625844446.703, 313.765
 1625844446.803, 317.365
 1625844446.903, 320.966
 1625844447.003, 324.566
 1625844447.103, 328.166
 1625844447.203, 331.766
 1625844447.303, 335.366
 1625844447.403, 338.965
 1625844447.503, 342.566
 1625844447.603, 346.166
 1625844447.703, 349.765
 1625844447.803, 353.366
 1625844447.903, 356.966
 1625844448.003, 0.763
 1625844448.103, 4.363
 1625844448.203, 7.963
 1625844448.303, 11.563
 1625844448.403, 15.163
 1625844448.503, 18.763
 1625844448.603, 22.363
 1625844448.703, 25.963
 1625844448.803, 29.563
 1625844448.903, 33.163
 1625844449.003, 36.763
 1625844449.103, 40.363
 1625844449.203, 43.963
 1625844449.303, 47.563
 1625844449.403, 51.163
 1625844449.503, 54.763
 1625844449.603, 58.363
 1625844449.703, 61.963
 1625844449.803, 65.563
 1625844449.903, 69.163
 1625844450.003, 72.763
 1625844450.103, 76.363
 1625844450.203, 79.963
 1625844450.303, 83.563
 1625844450.403, 87.163
 1625844450.503, 90.763
 1625844450.603, 94.363
 1625844450.703, 97.963
 1625844450.803, 101.563
 1625844450.903, 105.163
 1625844451.003, 108.763
 1625844451.103, 112.363
 1625844451.203, 115.963
 1625844451.303, 119.563
 1625844451.403, 123.163
 1625844451.503, 126.763
 1625844451.603, 130.363
 1625844451.703, 133.963
 1625844451.803, 137.563
 1625844451.903, 141.163
 1625844452.003, 144.763
 1625844452.103, 148.363
 1625844452.203, 151.963
 1625844452.303, 155.563
 1625844452.403, 159.163
 1625844452.503, 162.763
 1625844452.603, 166.363
 1625844452.703, 169.963
 1625844452.803, 173.563
 1625844452.903, 177.163
 1625844453.003, 180.763
 1625844453.103, 184.363
 1625844453.203, 187.963
 1625844453.303, 191.563
 1625844453.403, 195.163
 1625844453.503, 198.763
 1625844453.603, 202.363
 1625844453.703, 205.963
 1625844453.803, 209.563
 1625844453.903, 213.163
 1625844454.003, 216.763
 1625844454.103, 220.363
 1625844454.203, 223.963
 1625844454.303, 227.563
 1625844454.403, 231.162
 1625844454.503, 234.763
 1625844454.603, 238.363
 1625844454.703, 241.963
 1625844454.803, 245.563
 1625844454.903, 249.163
 1625844455.003, 252.763
 1625844455.103, 256.362
 1625844455.203, 259.962
 1625844455.303, 263.563
 1625844455.403, 267.163
 1625844455.503, 270.763
 1625844455.603, 274.363
 1625844455.703, 277.963
 1625844455.803, 281.562
 1625844455.903, 285.163
 1625844456.003, 288.763
 1625844456.103, 292.363
 1625844456.203, 295.963
 1625844456.303, 299.563
 1625844456.403, 303.162
 1625844456.503, 306.762
 1625844456.603, 310.363
 1625844456.703, 313.963
 1625844456.803, 317.563
 1625844456.903, 321.163
 1625844457.003, 324.763
 1625844457.103, 328.362
 1625844457.203, 331.962
 1625844457.303, 335.563
 1625844457.403, 339.163
 1625844457.503, 342.762
 1625844457.603, 346.363
 1625844457.703, 349.963
 1625844457.803, 353.563
 1625844457.903, 357.162
 1625844458.003, 0.750
 1625844458.103, 4.350
 1625844458.203, 7.950
 1625844458.303, 11.551
 1625844458.403, 15.151
 1625844458.503, 18.751
 1625844458.603, 22.350
 1625844458.703, 25.951
 1625844458.803, 29.550
 1625844458.903, 33.150
 1625844459.003, 36.751
 1625844459.103, 40.350
 1625844459.203, 43.951
 1625844459.303, 47.550
 1625844459.403, 51.151
 1625844459.503, 54.751
 1625844459.603, 58.351
 1625844459.703, 61.951
 1625844459.803, 65.551
 1625844459.903, 69.151
 1625844460.003, 72.751
 1625844460.103, 76.351
 1625844460.203, 79.950
 1625844460.303, 83.551
 1625844460.403, 87.151
 1625844460.503, 90.750
 1625844460.603, 94.351
 1625844460.703, 97.950
 1625844460.803, 101.550
 1625844460.903, 105.150
 1625844461.003, 108.750
 1625844461.103, 112.350
 1625844461.203, 115.951
 1625844461.303, 119.550
 1625844461.403, 123.150
 1625844461.503, 126.750
 1625844461.603, 130.350
 1625844461.703, 133.950
 1625844461.803, 137.550
 1625844461.903, 141.151
 1625844462.003, 144.751
 1625844462.103, 148.351
 1625844462.203, 151.950
 1625844462.303, 155.551
 1625844462.403, 159.150
 1625844462.503, 162.751
 1625844462.603, 166.350
 1625844462.703, 169.951
 1625844462.803, 173.550
 1625844462.903, 177.151
 1625844463.003, 180.751
 1625844463.103, 184.351
 1625844463.203, 187.950
 1625844463.303, 191.550
 1625844463.403, 195.151
 1625844463.503, 198.751
 1625844463.603, 202.351
 1625844463.703, 205.951
 1625844463.803, 209.551
 1625844463.903, 213.150
 1625844464.003, 216.751
 1625844464.103, 220.350
 1625844464.203, 223.950
 1625844464.303, 227.551
 1625844464.403, 231.150
 1625844464.503, 234.751
 1625844464.603, 238.351
 1625844464.703, 241.951
 1625844464.803, 245.550
 1625844464.903, 249.150
 1625844465.003, 252.750
 1625844465.103, 256.350
 1625844465.203, 259.950
 1625844465.303, 263.550
 1625844465.403, 267.150
 1625844465.503, 270.750
 1625844465.603, 274.351
 1625844465.703, 277.950
 1625844465.803, 281.550
 1625844465.903, 285.150
 1625844466.003, 288.751
 1625844466.103, 292.350
 1625844466.203, 295.950
 1625844466.303, 299.550
 1625844466.403, 303.150
 1625844466.503, 306.750
 1625844466.603, 310.350
 1625844466.703, 313.951
 1625844466.803, 317.551
 1625844466.903, 321.151
 1625844467.003, 324.750
 1625844467.103, 328.351
 1625844467.203, 331.950
 1625844467.303, 335.550
 1625844467.403, 339.150
 1625844467.503, 342.750
 1625844467.603, 346.351
 1625844467.703, 349.950
 1625844467.803, 353.550
 1625844467.903, 357.150
 1625844468.003, 0.720
 1625844468.103, 4.321
 1625844468.203, 7.920
 1625844468.303, 11.520
 1625844468.403, 15.120
 1625844468.503, 18.721
 1625844468.603, 22.321
 1625844468.703, 25.921
 1625844468.803, 29.520
 1625844468.903, 33.121
 1625844469.003, 36.721
 1625844469.103, 40.320
 1625844469.203, 43.920
 1625844469.303, 47.520
 1625844469.403, 51.120
 1625844469.503, 54.720
 1625844469.603, 58.320
 1625844469.703, 61.920
 1625844469.803, 65.520
 1625844469.903, 69.120
 1625844470.003, 72.720
 1625844470.103, 76.321
 1625844470.203, 79.921
 1625844470.303, 83.520
 1625844470.403, 87.120
 1625844470.503, 90.721
 1625844470.603, 94.320
 1625844470.703, 97.921
 1625844470.803, 101.520
 1625844470.903, 105.121
 1625844471.003, 108.720
 1625844471.103, 112.320
 1625844471.203, 115.920
 1625844471.303, 119.520
 1625844471.403, 123.120
 1625844471.503, 126.721
 1625844471.603, 130.321
 1625844471.703, 133.920
 1625844471.803, 137.521
 1625844471.903, 141.120
 1625844472.003, 144.720
 1625844472.103, 148.320
 1625844472.203, 151.920
 1625844472.303, 155.520
 1625844472.403, 159.120
 1625844472.503, 162.721
 1625844472.603, 166.320
 1625844472.703, 169.920
 1625844472.803, 173.521
 1625844472.903, 177.120
 1625844473.003, 180.720
 1625844473.103, 184.321
 1625844473.203, 187.921
 1625844473.303, 191.520
 1625844473.403, 195.120
 1625844473.503, 198.720
 1625844473.603, 202.320
 1625844473.703, 205.921
 1625844473.803, 209.520
 1625844473.903, 213.120
 1625844474.003, 216.720
 1625844474.103, 220.320
 1625844474.203, 223.920
 1625844474.303, 227.520
 1625844474.403, 231.121
 1625844474.503, 234.720
 1625844474.603, 238.320
 1625844474.703, 241.920
 1625844474.803, 245.520
 1625844474.903, 249.120
 1625844475.003, 252.720
 1625844475.103, 256.320
 1625844475.203, 259.920
 1625844475.303, 263.520
 1625844475.403, 267.120
 1625844475.503, 270.720
 1625844475.603, 274.320
 1625844475.703, 277.920
 1625844475.803, 281.521
 1625844475.903, 285.120
 1625844476.003, 288.720
 1625844476.103, 292.320
 1625844476.203, 295.920
 1625844476.303, 299.520
 1625844476.403, 303.120
 1625844476.503, 306.720
 1625844476.603, 310.320
 1625844476.703, 313.920
 1625844476.803, 317.520
 1625844476.903, 321.120
 1625844477.003, 324.720
 1625844477.103, 328.320
 1625844477.203, 331.920
 1625844477.303, 335.520
 1625844477.403, 339.120
 1625844477.503, 342.720
 1625844477.603, 346.320
 1625844477.703, 349.920
 1625844477.803, 353.520
 1625844477.903, 357.120
 1625844478.003, 0.511
 1625844478.103, 4.111
 1625844478.203, 7.711
 1625844478.303, 11.311
 1625844478.403, 14.911
 1625844478.503, 18.511
 1625844478.603, 22.111
 1625844478.703, 25.711
 1625844478.803, 29.311
 1625844478.903, 32.911
 1625844479.003, 36.511
 1625844479.103, 40.111
 1625844479.203, 43.711
 1625844479.303, 47.311
 1625844479.403, 50.911
 1625844479.503, 54.511
 1625844479.603, 58.111
 1625844479.703, 61.711
 1625844479.803, 65.311
 1625844479.903, 68.911
 1625844480.003, 72.511
 1625844480.103, 76.111
 1625844480.203, 79.711
 1625844480.303, 83.311
 1625844480.403, 86.911
 1625844480.503, 90.511
 1625844480.603, 94.111
 1625844480.703, 97.711
 1625844480.803, 101.311
 1625844480.903, 104.911
 1625844481.003, 108.510
 1625844481.103, 112.111
 1625844481.203, 115.711
 1625844481.303, 119.311
 1625844481.403, 122.910
 1625844481.503, 126.511
 1625844481.603, 130.110
 1625844481.703, 133.711
 1625844481.803, 137.311
 1625844481.903, 140.910
 1625844482.003, 144.511
 1625844482.103, 148.111
 1625844482.203, 151.711
 1625844482.303, 155.311
 1625844482.403, 158.911
 1625844482.503, 162.510
 1625844482.603, 166.111
 1625844482.703, 169.711
 1625844482.803, 173.311
 1625844482.903, 176.910
 1625844483.003, 180.511
 1625844483.103, 184.111
 1625844483.203, 187.711
 1625844483.303, 191.311
 1625844483.403, 194.911
 1625844483.503, 198.511
 1625844483.603, 202.111
 1625844483.703, 205.711
 1625844483.803, 209.311
 1625844483.903, 212.911
 1625844484.003, 216.511
 1625844484.103, 220.111
 1625844484.203, 223.711
 1625844484.303, 227.311
 1625844484.403, 230.911
 1625844484.503, 234.511
 1625844484.603, 238.110
 1625844484.703, 241.711
 1625844484.803, 245.311
 1625844484.903, 248.911
 1625844485.003, 252.511
 1625844485.103, 256.111
 1625844485.203, 259.711
 1625844485.303, 263.310
 1625844485.403, 266.911
 1625844485.503, 270.510
 1625844485.603, 274.111
 1625844485.703, 277.711
 1625844485.803, 281.311
 1625844485.903, 284.911
 1625844486.003, 288.511
 1625844486.103, 292.111
 1625844486.203, 295.711
 1625844486.303, 299.310
 1625844486.403, 302.911
 1625844486.503, 306.510
 1625844486.603, 310.110
