 1625844389.728, 113.601
 1625844389.828, 117.201
 1625844389.928, 120.801
 1625844390.028, 124.401
 1625844390.128, 128.001
 1625844390.228, 131.601
 1625844390.328, 135.200
 1625844390.428, 138.801
 1625844390.528, 142.401
 1625844390.628, 146.001
 1625844390.728, 149.601
 1625844390.828, 153.201
 1625844390.928, 156.801
 1625844391.028, 160.401
 1625844391.128, 164.001
 1625844391.228, 167.601
 1625844391.328, 171.201
 1625844391.428, 174.801
 1625844391.528, 178.400
 1625844391.628, 182.001
 1625844391.728, 185.601
 1625844391.828, 189.201
 1625844391.928, 192.800
 1625844392.028, 196.401
 1625844392.128, 200.001
 1625844392.228, 203.600
 1625844392.328, 207.201
 1625844392.428, 210.801
 1625844392.528, 214.401
 1625844392.628, 218.000
 1625844392.728, 221.600
 1625844392.828, 225.200
 1625844392.928, 228.800
 1625844393.028, 232.401
 1625844393.128, 236.001
 1625844393.228, 239.601
 1625844393.328, 243.201
 1625844393.428, 246.801
 1625844393.528, 250.401
 1625844393.628, 254.001
 1625844393.728, 257.601
 1625844393.828, 261.200
 1625844393.928, 264.800
 1625844394.028, 268.401
 1625844394.128, 272.001
 1625844394.228, 275.601
 1625844394.328, 279.201
 1625844394.428, 282.800
 1625844394.528, 286.401
 1625844394.628, 290.001
 1625844394.728, 293.601
 1625844394.828, 297.201
 1625844394.928, 300.800
 1625844395.028, 304.400
 1625844395.128, 308.000
 1625844395.228, 311.601
 1625844395.328, 315.200
 1625844395.428, 318.801
 1625844395.528, 322.401
 1625844395.628, 326.001
 1625844395.728, 329.601
 1625844395.828, 333.201
 1625844395.928, 336.801
 1625844396.028, 340.401
 1625844396.128, 344.000
 1625844396.228, 347.601
 1625844396.328, 351.201
 1625844396.428, 354.800
 1625844396.528, 358.401
 1625844396.628, 2.001
 1625844396.728, 5.600
 1625844396.828, 9.201
 1625844396.928, 12.800
 1625844397.028, 16.400
 1625844397.128, 20.000
 1625844397.228, 23.601
 1625844397.328, 27.201
 1625844397.428, 30.800
 1625844397.528, 34.400
 1625844397.628, 38.000
 1625844397.728, 29.487
 1625844397.828, 33.087
 1625844397.928, 36.687
 1625844398.028, 40.287
 1625844398.128, 43.887
 1625844398.228, 47.487
 1625844398.328, 51.087
 1625844398.428, 54.687
 1625844398.528, 58.287
 1625844398.628, 61.887
 1625844398.728, 46.220
 1625844398.828, 49.820
 1625844398.928, 53.420
 1625844399.028, 57.020
 1625844399.128, 60.620
 1625844399.228, 64.220
 1625844399.328, 67.820
 1625844399.428, 71.420
 1625844399.528, 75.020
 1625844399.628, 78.620
 1625844399.728, 82.220
 1625844399.828, 85.820
 1625844399.928, 89.420
 1625844400.028, 93.020
 1625844400.128, 96.620
 1625844400.228, 100.220
 1625844400.328, 103.820
 1625844400.428, 107.420
 1625844400.528, 111.020
 1625844400.628, 114.620
 1625844400.728, 118.220
 1625844400.828, 121.820
 1625844400.928, 125.420
 1625844401.028, 129.020
 1625844401.128, 132.620
 1625844401.228, 136.220
 1625844401.328, 139.820
 1625844401.428, 143.420
 1625844401.528, 147.020
 1625844401.628, 150.620
 1625844401.728, 154.220
 1625844401.828, 157.820
 1625844401.928, 161.420
 1625844402.028, 165.020
 1625844402.128, 168.620
 1625844402.228, 172.220
 1625844402.328, 175.820
 1625844402.428, 179.420
 1625844402.528, 183.020
 1625844402.628, 186.620
 1625844402.728, 190.220
 1625844402.828, 193.820
 1625844402.928, 197.420
 1625844403.028, 201.020
 1625844403.128, 204.620
 1625844403.228, 208.220
 1625844403.328, 211.820
 1625844403.428, 215.420
 1625844403.528, 219.020
 1625844403.628, 222.620
 1625844403.728, 226.220
 1625844403.828, 229.820
 1625844403.928, 233.420
 1625844404.028, 237.020
 1625844404.128, 240.620
 1625844404.228, 244.220
 1625844404.328, 247.820
 1625844404.428, 251.420
 1625844404.528, 255.020
 1625844404.628, 258.620
 1625844404.728, 262.220
 1625844404.828, 265.820
 1625844404.928, 269.420
 1625844405.028, 273.020
 1625844405.128, 276.620
 1625844405.228, 280.220
 1625844405.328, 283.820
 1625844405.428, 287.420
 1625844405.528, 291.020
 1625844405.628, 294.620
 1625844405.728, 298.220
 1625844405.828, 301.820
 1625844405.928, 305.420
 1625844406.028, 309.020
 1625844406.128, 312.620
 1625844406.228, 316.220
 1625844406.328, 319.820
 1625844406.428, 323.420
 1625844406.528, 327.020
 1625844406.628, 330.620
 1625844406.728, 334.220
 1625844406.828, 337.820
 1625844406.928, 341.420
 1625844407.028, 345.020
 1625844407.128, 348.620
 1625844407.228, 352.220
 1625844407.328, 355.820
 1625844407.428, 359.420
 1625844407.528, 3.020
 1625844407.628, 6.620
 1625844407.728, 10.220
 1625844407.828, 13.820
 1625844407.928, 13.195
 1625844408.028, 16.795
 1625844408.128, 20.395
 1625844408.228, 17.337
 1625844408.328, 20.937
 1625844408.428, 24.537
 1625844408.528, 28.137
 1625844408.628, 31.737
 1625844408.728, 35.337
 1625844408.828, 38.938
 1625844408.928, 42.538
 1625844409.028, 46.138
 1625844409.128, 49.737
 1625844409.228, 53.338
 1625844409.328, 56.938
 1625844409.428, 60.537
 1625844409.528, 64.138
 1625844409.628, 67.737
 1625844409.728, 71.338
 1625844409.828, 74.937
 1625844409.928, 78.538
 1625844410.028, 82.137
 1625844410.128, 85.738
 1625844410.228, 89.338
 1625844410.328, 92.938
 1625844410.428, 96.537
 1625844410.528, 100.137
 1625844410.628, 103.738
 1625844410.728, 107.337
 1625844410.828, 110.937
 1625844410.928, 114.538
 1625844411.028, 118.137
 1625844411.128, 121.738
 1625844411.228, 125.337
 1625844411.328, 128.937
 1625844411.428, 132.537
 1625844411.528, 136.137
 1625844411.628, 139.737
 1625844411.728, 143.337
 1625844411.828, 146.937
 1625844411.928, 150.538
 1625844412.028, 154.137
 1625844412.128, 157.737
 1625844412.228, 161.337
 1625844412.328, 164.938
 1625844412.428, 168.537
 1625844412.528, 172.137
 1625844412.628, 175.737
 1625844412.728, 179.337
 1625844412.828, 182.937
 1625844412.928, 186.537
 1625844413.028, 190.137
 1625844413.128, 193.737
 1625844413.228, 197.337
 1625844413.328, 200.937
 1625844413.428, 204.537
 1625844413.528, 208.137
 1625844413.628, 211.737
 1625844413.728, 215.337
 1625844413.828, 218.937
 1625844413.928, 222.537
 1625844414.028, 226.137
 1625844414.128, 229.737
 1625844414.228, 233.337
 1625844414.328, 236.937
 1625844414.428, 240.537
 1625844414.528, 244.137
 1625844414.628, 247.737
 1625844414.728, 251.337
 1625844414.828, 254.937
 1625844414.928, 258.537
 1625844415.028, 262.137
 1625844415.128, 265.737
 1625844415.228, 269.337
 1625844415.328, 272.937
 1625844415.428, 276.537
 1625844415.528, 280.137
 1625844415.628, 283.737
 1625844415.728, 287.337
 1625844415.828, 290.937
 1625844415.928, 294.537
 1625844416.028, 298.137
 1625844416.128, 301.737
 1625844416.228, 305.337
 1625844416.328, 308.937
 1625844416.428, 312.537
 1625844416.528, 316.137
 1625844416.628, 319.737
 1625844416.728, 323.337
 1625844416.828, 326.937
 1625844416.928, 330.537
 1625844417.028, 334.137
 1625844417.128, 337.737
 1625844417.228, 341.337
 1625844417.328, 344.937
 1625844417.428, 348.537
 1625844417.528, 352.137
 1625844417.628, 355.737
 1625844417.728, 359.337
 1625844417.828, 2.937
 1625844417.928, 5.023
 1625844418.028, 6.293
 1625844418.128, 9.893
 1625844418.228, 13.493
 1625844418.328, 17.093
 1625844418.428, 20.693
 1625844418.528, 24.293
 1625844418.628, 27.894
 1625844418.728, 31.493
 1625844418.828, 35.093
 1625844418.928, 38.693
 1625844419.028, 42.293
 1625844419.128, 45.893
 1625844419.228, 49.493
 1625844419.328, 53.093
 1625844419.428, 56.693
 1625844419.528, 60.293
 1625844419.628, 63.893
 1625844419.728, 67.493
 1625844419.828, 71.093
 1625844419.928, 74.694
 1625844420.028, 78.293
 1625844420.128, 81.893
 1625844420.228, 85.493
 1625844420.328, 89.093
 1625844420.428, 92.693
 1625844420.528, 96.293
 1625844420.628, 99.893
 1625844420.728, 103.493
 1625844420.828, 107.094
 1625844420.928, 110.693
 1625844421.028, 114.293
 1625844421.128, 117.893
 1625844421.228, 121.494
 1625844421.328, 125.093
 1625844421.428, 128.693
 1625844421.528, 132.293
 1625844421.628, 135.893
 1625844421.728, 139.493
 1625844421.828, 143.093
 1625844421.928, 146.693
 1625844422.028, 150.293
 1625844422.128, 153.893
 1625844422.228, 157.493
 1625844422.328, 161.093
 1625844422.428, 164.693
 1625844422.528, 168.293
 1625844422.628, 171.893
 1625844422.728, 175.493
 1625844422.828, 179.093
 1625844422.928, 182.694
 1625844423.028, 186.293
 1625844423.128, 189.893
 1625844423.228, 193.493
 1625844423.328, 197.093
 1625844423.428, 200.693
 1625844423.528, 204.293
 1625844423.628, 207.893
 1625844423.728, 211.493
 1625844423.828, 215.093
 1625844423.928, 218.693
 1625844424.028, 222.293
 1625844424.128, 225.893
 1625844424.228, 229.493
 1625844424.328, 233.093
 1625844424.428, 236.693
 1625844424.528, 240.293
 1625844424.628, 243.893
 1625844424.728, 247.493
 1625844424.828, 251.093
 1625844424.928, 254.693
 1625844425.028, 258.293
 1625844425.128, 261.893
 1625844425.228, 265.493
 1625844425.328, 269.093
 1625844425.428, 272.693
 1625844425.528, 276.293
 1625844425.628, 279.893
 1625844425.728, 283.493
 1625844425.828, 287.093
 1625844425.928, 290.693
 1625844426.028, 294.293
 1625844426.128, 297.893
 1625844426.228, 301.493
 1625844426.328, 305.093
 1625844426.428, 308.693
 1625844426.528, 312.293
 1625844426.628, 315.893
 1625844426.728, 319.493
 1625844426.828, 323.093
 1625844426.928, 326.693
 1625844427.028, 330.293
 1625844427.128, 333.893
 1625844427.228, 337.493
 1625844427.328, 341.093
 1625844427.428, 344.693
 1625844427.528, 348.293
 1625844427.628, 351.893
 1625844427.728, 355.493
 1625844427.828, 359.093
 1625844427.928, 2.116
 1625844428.028, 4.866
 1625844428.128, 8.465
 1625844428.228, 12.065
 1625844428.328, 15.665
 1625844428.428, 19.265
 1625844428.528, 22.865
 1625844428.628, 26.465
 1625844428.728, 30.065
 1625844428.828, 33.665
 1625844428.928, 37.265
 1625844429.028, 40.866
 1625844429.128, 44.465
 1625844429.228, 48.066
 1625844429.328, 51.665
 1625844429.428, 55.265
 1625844429.528, 58.866
 1625844429.628, 62.466
 1625844429.728, 66.066
 1625844429.828, 69.665
 1625844429.928, 73.265
 1625844430.028, 76.866
 1625844430.128, 80.465
 1625844430.228, 84.066
 1625844430.328, 87.666
 1625844430.428, 91.266
 1625844430.528, 94.865
 1625844430.628, 98.465
 1625844430.728, 102.066
 1625844430.828, 105.665
 1625844430.928, 109.265
 1625844431.028, 112.865
 1625844431.128, 116.465
 1625844431.228, 120.065
 1625844431.328, 123.665
 1625844431.428, 127.266
 1625844431.528, 130.866
 1625844431.628, 134.465
 1625844431.728, 138.065
 1625844431.828, 141.665
 1625844431.928, 145.266
 1625844432.028, 148.865
 1625844432.128, 152.466
 1625844432.228, 156.065
 1625844432.328, 159.665
 1625844432.428, 163.265
 1625844432.528, 166.865
 1625844432.628, 170.465
 1625844432.728, 174.065
 1625844432.828, 177.665
 1625844432.928, 181.265
 1625844433.028, 184.865
 1625844433.128, 188.466
 1625844433.228, 192.065
 1625844433.328, 195.665
 1625844433.428, 199.265
 1625844433.528, 202.865
 1625844433.628, 206.465
 1625844433.728, 210.065
 1625844433.828, 213.665
 1625844433.928, 217.265
 1625844434.028, 220.865
 1625844434.128, 224.465
 1625844434.228, 228.066
 1625844434.328, 231.665
 1625844434.428, 235.265
 1625844434.528, 238.865
 1625844434.628, 242.465
 1625844434.728, 246.065
 1625844434.828, 249.665
 1625844434.928, 253.265
 1625844435.028, 256.865
 1625844435.128, 260.465
 1625844435.228, 264.065
 1625844435.328, 267.665
 1625844435.428, 271.265
 1625844435.528, 274.865
 1625844435.628, 278.465
 1625844435.728, 282.065
 1625844435.828, 285.665
 1625844435.928, 289.265
 1625844436.028, 292.865
 1625844436.128, 296.465
 1625844436.228, 300.065
 1625844436.328, 303.665
 1625844436.428, 307.265
 1625844436.528, 310.865
 1625844436.628, 314.465
 1625844436.728, 318.065
 1625844436.828, 321.665
 1625844436.928, 325.265
 1625844437.028, 328.865
 1625844437.128, 332.465
 1625844437.228, 336.065
 1625844437.328, 339.665
 1625844437.428, 343.265
 1625844437.528, 346.865
 1625844437.628, 350.465
 1625844437.728, 354.065
 1625844437.828, 357.665
 1625844437.928, 1.008
 1625844438.028, 4.238
 1625844438.128, 7.838
 1625844438.228, 11.438
 1625844438.328, 15.038
 1625844438.428, 18.638
 1625844438.528, 22.238
 1625844438.628, 25.838
 1625844438.728, 29.438
 1625844438.828, 33.038
 1625844438.928, 36.638
 1625844439.028, 40.238
 1625844439.128, 43.838
 1625844439.228, 47.438
 1625844439.328, 51.038
 1625844439.428, 54.638
 1625844439.528, 58.238
 1625844439.628, 61.838
 1625844439.728, 65.438
 1625844439.828, 69.038
 1625844439.928, 72.638
 1625844440.028, 76.238
 1625844440.128, 79.838
 1625844440.228, 83.438
 1625844440.328, 87.038
 1625844440.428, 90.638
 1625844440.528, 94.238
 1625844440.628, 97.838
 1625844440.728, 101.438
 1625844440.828, 105.038
 1625844440.928, 108.638
 1625844441.028, 112.238
 1625844441.128, 115.838
 1625844441.228, 119.438
 1625844441.328, 123.038
 1625844441.428, 126.638
 1625844441.528, 130.238
 1625844441.628, 133.838
 1625844441.728, 137.438
 1625844441.828, 141.038
 1625844441.928, 144.638
 1625844442.028, 148.238
 1625844442.128, 151.838
 1625844442.228, 155.438
 1625844442.328, 159.038
 1625844442.428, 162.638
 1625844442.528, 166.238
 1625844442.628, 169.838
 1625844442.728, 173.438
 1625844442.828, 177.038
 1625844442.928, 180.638
 1625844443.028, 184.238
 1625844443.128, 187.838
 1625844443.228, 191.438
 1625844443.328, 195.038
 1625844443.428, 198.638
 1625844443.528, 202.238
 1625844443.628, 205.838
 1625844443.728, 209.438
 1625844443.828, 213.038
 1625844443.928, 216.638
 1625844444.028, 220.238
 1625844444.128, 223.838
 1625844444.228, 227.438
 1625844444.328, 231.038
 1625844444.428, 234.638
 1625844444.528, 238.238
 1625844444.628, 241.838
 1625844444.728, 245.438
 1625844444.828, 249.038
 1625844444.928, 252.638
 1625844445.028, 256.238
 1625844445.128, 259.838
 1625844445.228, 263.438
 1625844445.328, 267.038
 1625844445.428, 270.638
 1625844445.528, 274.238
 1625844445.628, 277.838
 1625844445.728, 281.438
 1625844445.828, 285.038
 1625844445.928, 288.638
 1625844446.028, 292.238
 1625844446.128, 295.838
 1625844446.228, 299.438
 1625844446.328, 303.038
 1625844446.428, 306.638
 1625844446.528, 310.238
 1625844446.628, 313.838
 1625844446.728, 317.438
 1625844446.828, 321.038
 1625844446.928, 324.638
 1625844447.028, 328.238
 1625844447.128, 331.838
 1625844447.228, 335.438
 1625844447.328, 339.038
 1625844447.428, 342.638
 1625844447.528, 346.238
 1625844447.628, 349.837
 1625844447.728, 353.438
 1625844447.828, 357.038
 1625844447.928, 0.474
 1625844448.028, 3.864
 1625844448.128, 7.464
 1625844448.228, 11.064
 1625844448.328, 14.664
 1625844448.428, 18.264
 1625844448.528, 21.864
 1625844448.628, 25.464
 1625844448.728, 29.064
 1625844448.828, 32.664
 1625844448.928, 36.264
 1625844449.028, 39.864
 1625844449.128, 43.464
 1625844449.228, 47.064
 1625844449.328, 50.664
 1625844449.428, 54.264
 1625844449.528, 57.864
 1625844449.628, 61.464
 1625844449.728, 65.064
 1625844449.828, 68.664
 1625844449.928, 72.264
 1625844450.028, 75.864
 1625844450.128, 79.464
 1625844450.228, 83.064
 1625844450.328, 86.664
 1625844450.428, 90.264
 1625844450.528, 93.864
 1625844450.628, 97.464
 1625844450.728, 101.064
 1625844450.828, 104.664
 1625844450.928, 108.264
 1625844451.028, 111.864
 1625844451.128, 115.464
 1625844451.228, 119.064
 1625844451.328, 122.663
 1625844451.428, 126.264
 1625844451.528, 129.864
 1625844451.628, 133.464
 1625844451.728, 137.064
 1625844451.828, 140.664
 1625844451.928, 144.264
 1625844452.028, 147.864
 1625844452.128, 151.464
 1625844452.228, 155.064
 1625844452.328, 158.664
 1625844452.428, 162.264
 1625844452.528, 165.864
 1625844452.628, 169.464
 1625844452.728, 173.064
 1625844452.828, 176.664
 1625844452.928, 180.264
 1625844453.028, 183.864
 1625844453.128, 187.464
 1625844453.228, 191.064
 1625844453.328, 194.664
 1625844453.428, 198.264
 1625844453.528, 201.864
 1625844453.628, 205.464
 1625844453.728, 209.064
 1625844453.827, 212.663
 1625844453.928, 216.264
 1625844454.028, 219.864
 1625844454.128, 223.464
 1625844454.227, 227.063
 1625844454.327, 230.663
 1625844454.428, 234.264
 1625844454.528, 237.864
 1625844454.628, 241.464
 1625844454.727, 245.063
 1625844454.828, 248.664
 1625844454.928, 252.264
 1625844455.028, 255.864
 1625844455.128, 259.464
 1625844455.228, 263.064
 1625844455.328, 266.664
 1625844455.428, 270.264
 1625844455.528, 273.864
 1625844455.628, 277.464
 1625844455.727, 281.063
 1625844455.828, 284.664
 1625844455.928, 288.264
 1625844456.027, 291.863
 1625844456.128, 295.464
 1625844456.227, 299.063
 1625844456.328, 302.664
 1625844456.428, 306.263
 1625844456.528, 309.864
 1625844456.627, 313.463
 1625844456.728, 317.064
 1625844456.828, 320.664
 1625844456.928, 324.264
 1625844457.027, 327.863
 1625844457.128, 331.464
 1625844457.227, 335.063
 1625844457.327, 338.663
 1625844457.428, 342.264
 1625844457.528, 345.864
 1625844457.627, 349.463
 1625844457.727, 353.063
 1625844457.828, 356.664
 1625844457.927, 0.263
 1625844458.027, 3.582
 1625844458.128, 7.183
 1625844458.227, 10.782
 1625844458.328, 14.383
 1625844458.428, 17.983
 1625844458.528, 21.583
 1625844458.628, 25.183
 1625844458.728, 28.783
 1625844458.828, 32.383
 1625844458.928, 35.983
 1625844459.028, 39.583
 1625844459.128, 43.183
 1625844459.227, 46.782
 1625844459.327, 50.382
 1625844459.427, 53.982
 1625844459.528, 57.583
 1625844459.628, 61.183
 1625844459.727, 64.782
 1625844459.828, 68.383
 1625844459.927, 71.982
 1625844460.027, 75.582
 1625844460.127, 79.182
 1625844460.228, 82.783
 1625844460.327, 86.382
 1625844460.428, 89.983
 1625844460.528, 93.583
 1625844460.628, 97.183
 1625844460.728, 100.783
 1625844460.827, 104.383
 1625844460.927, 107.983
 1625844461.027, 111.582
 1625844461.128, 115.183
 1625844461.227, 118.783
 1625844461.327, 122.382
 1625844461.427, 125.982
 1625844461.527, 129.583
 1625844461.628, 133.183
 1625844461.728, 136.783
 1625844461.828, 140.383
 1625844461.927, 143.982
 1625844462.028, 147.583
 1625844462.127, 151.182
 1625844462.228, 154.783
 1625844462.327, 158.382
 1625844462.427, 161.982
 1625844462.528, 165.583
 1625844462.627, 169.182
 1625844462.728, 172.783
 1625844462.828, 176.383
 1625844462.927, 179.982
 1625844463.027, 183.582
 1625844463.128, 187.183
 1625844463.227, 190.782
 1625844463.327, 194.382
 1625844463.428, 197.983
 1625844463.527, 201.582
 1625844463.627, 205.182
 1625844463.728, 208.783
 1625844463.828, 212.383
 1625844463.928, 215.983
 1625844464.027, 219.583
 1625844464.127, 223.182
 1625844464.227, 226.782
 1625844464.328, 230.383
 1625844464.428, 233.983
 1625844464.527, 237.582
 1625844464.627, 241.182
 1625844464.727, 244.782
 1625844464.827, 248.383
 1625844464.927, 251.982
 1625844465.028, 255.583
 1625844465.128, 259.183
 1625844465.227, 262.782
 1625844465.327, 266.382
 1625844465.427, 269.982
 1625844465.527, 273.583
 1625844465.627, 277.182
 1625844465.727, 280.782
 1625844465.828, 284.383
 1625844465.928, 287.983
 1625844466.027, 291.582
 1625844466.127, 295.182
 1625844466.227, 298.782
 1625844466.328, 302.383
 1625844466.427, 305.982
 1625844466.528, 309.583
 1625844466.627, 313.182
 1625844466.727, 316.782
 1625844466.827, 320.382
 1625844466.927, 323.982
 1625844467.027, 327.583
 1625844467.128, 331.183
 1625844467.228, 334.783
 1625844467.328, 338.383
 1625844467.428, 341.983
 1625844467.527, 345.582
 1625844467.627, 349.183
 1625844467.727, 352.782
 1625844467.827, 356.382
 1625844467.927, 359.982
 1625844468.027, 3.394
 1625844468.127, 6.994
 1625844468.227, 10.594
 1625844468.327, 14.194
 1625844468.427, 17.794
 1625844468.527, 21.394
 1625844468.627, 24.994
 1625844468.727, 28.594
 1625844468.827, 32.194
 1625844468.927, 35.794
 1625844469.027, 39.394
 1625844469.127, 42.994
 1625844469.228, 46.595
 1625844469.327, 50.194
 1625844469.427, 53.794
 1625844469.527, 57.394
 1625844469.627, 60.994
 1625844469.727, 64.594
 1625844469.827, 68.194
 1625844469.927, 71.794
 1625844470.027, 75.394
 1625844470.127, 78.994
 1625844470.227, 82.594
 1625844470.327, 86.194
 1625844470.427, 89.794
 1625844470.527, 93.394
 1625844470.627, 96.994
 1625844470.727, 100.594
 1625844470.827, 104.194
 1625844470.927, 107.794
 1625844471.027, 111.394
 1625844471.127, 114.994
 1625844471.227, 118.594
 1625844471.327, 122.194
 1625844471.427, 125.794
 1625844471.527, 129.394
 1625844471.628, 132.995
 1625844471.727, 136.595
 1625844471.827, 140.194
 1625844471.927, 143.794
 1625844472.027, 147.394
 1625844472.128, 150.995
 1625844472.227, 154.594
 1625844472.327, 158.194
 1625844472.427, 161.794
 1625844472.527, 165.394
 1625844472.627, 168.994
 1625844472.727, 172.594
 1625844472.827, 176.194
 1625844472.927, 179.794
 1625844473.027, 183.394
 1625844473.127, 186.994
 1625844473.227, 190.594
 1625844473.327, 194.194
 1625844473.427, 197.794
 1625844473.527, 201.394
 1625844473.627, 204.994
 1625844473.727, 208.594
 1625844473.827, 212.194
 1625844473.927, 215.794
 1625844474.027, 219.394
 1625844474.127, 222.994
 1625844474.227, 226.594
 1625844474.327, 230.194
 1625844474.427, 233.794
 1625844474.527, 237.394
 1625844474.627, 240.994
 1625844474.727, 244.594
 1625844474.827, 248.194
 1625844474.927, 251.794
 1625844475.027, 255.394
 1625844475.127, 258.994
 1625844475.227, 262.594
 1625844475.327, 266.194
 1625844475.427, 269.794
 1625844475.527, 273.394
 1625844475.627, 276.994
 1625844475.727, 280.594
 1625844475.827, 284.194
 1625844475.927, 287.794
 1625844476.027, 291.394
 1625844476.127, 294.994
 1625844476.227, 298.594
 1625844476.327, 302.194
 1625844476.427, 305.794
 1625844476.527, 309.394
 1625844476.627, 312.994
 1625844476.727, 316.594
 1625844476.827, 320.194
 1625844476.927, 323.794
 1625844477.027, 327.394
 1625844477.127, 330.994
 1625844477.227, 334.594
 1625844477.327, 338.194
 1625844477.427, 341.794
 1625844477.527, 345.394
 1625844477.627, 348.994
 1625844477.727, 352.594
 1625844477.827, 356.194
 1625844477.927, 359.794
 1625844478.027, 3.099
 1625844478.127, 6.699
 1625844478.227, 10.299
 1625844478.327, 13.899
 1625844478.427, 17.499
 1625844478.527, 21.099
 1625844478.627, 24.699
 1625844478.727, 28.298
 1625844478.827, 31.899
 1625844478.927, 35.499
 1625844479.027, 39.099
 1625844479.127, 42.699
 1625844479.227, 46.299
 1625844479.327, 49.899
 1625844479.427, 53.499
 1625844479.527, 57.099
 1625844479.627, 60.699
 1625844479.727, 64.299
 1625844479.827, 67.898
 1625844479.927, 71.499
 1625844480.027, 75.099
 1625844480.127, 78.699
 1625844480.227, 82.299
 1625844480.327, 85.899
 1625844480.427, 89.499
 1625844480.527, 93.099
 1625844480.627, 96.698
 1625844480.727, 100.299
 1625844480.827, 103.899
 1625844480.927, 107.499
 1625844481.027, 111.099
 1625844481.127, 114.699
 1625844481.227, 118.298
 1625844481.327, 121.899
 1625844481.427, 125.498
 1625844481.527, 129.099
 1625844481.627, 132.699
 1625844481.727, 136.298
 1625844481.827, 139.899
 1625844481.927, 143.499
 1625844482.027, 147.098
 1625844482.127, 150.698
 1625844482.227, 154.298
 1625844482.327, 157.899
 1625844482.427, 161.499
 1625844482.527, 165.099
 1625844482.627, 168.699
 1625844482.727, 172.299
 1625844482.827, 175.899
 1625844482.927, 179.498
 1625844483.027, 183.098
 1625844483.127, 186.699
 1625844483.227, 190.299
 1625844483.327, 193.899
 1625844483.427, 197.499
 1625844483.527, 201.098
 1625844483.627, 204.699
 1625844483.727, 208.298
 1625844483.827, 211.898
 1625844483.927, 215.499
 1625844484.027, 219.099
 1625844484.127, 222.699
 1625844484.227, 226.298
 1625844484.327, 229.899
 1625844484.427, 233.499
 1625844484.527, 237.098
 1625844484.627, 240.698
 1625844484.727, 244.299
 1625844484.827, 247.899
 1625844484.927, 251.499
 1625844485.027, 255.099
 1625844485.127, 258.699
 1625844485.227, 262.298
 1625844485.327, 265.898
 1625844485.427, 269.498
 1625844485.527, 273.099
 1625844485.627, 276.699
 1625844485.727, 280.298
 1625844485.827, 283.899
 1625844485.927, 287.499
 1625844486.027, 291.099
 1625844486.127, 294.699
 1625844486.227, 298.299
 1625844486.327, 301.898
 1625844486.427, 305.498
 1625844486.527, 309.098
 1625844486.627, 312.698
 1625844486.727, 316.299
 1625844486.828, 319.900
 1625844486.927, 323.498
 1625844487.027, 327.098
 1625844487.127, 330.699
 1625844487.227, 334.299
 1625844487.327, 337.898
 1625844487.427, 341.499
 1625844487.527, 345.098
 1625844487.627, 348.699
 1625844487.727, 352.298
 1625844487.827, 355.898
 1625844487.927, 359.499
 1625844488.027, 2.978
 1625844488.127, 6.578
 1625844488.227, 10.178
 1625844488.327, 13.778
 1625844488.427, 17.378
 1625844488.527, 20.978
 1625844488.627, 24.578
 1625844488.727, 28.178
 1625844488.827, 31.778
 1625844488.927, 35.378
 1625844489.027, 38.978
 1625844489.127, 42.578
 1625844489.227, 46.178
 1625844489.327, 49.778
 1625844489.427, 53.378
 1625844489.527, 56.978
 1625844489.627, 60.578
